100
3263 62970 1
6153 882984 8
9481 668314 4
6673 645665 9
7998 968182 1
7668 468727 8
0 1000000000000000000 1000000000
2871 611476 1
646 753992 3
4131 988357 1
3825 934105 6
9385 146808 1
4401 792858 5
981 265444 4
852 514597 2
2789 205886 5
8129 512819 4
8135 346033 4
9352 507517 9
573 319349 5
1516 476245 5
2684 313879 3
352 116029 3
10 22322 2
3901 458931 4
21345 4441283 13
490 499674 1
378 659223 5
121 121 11
1813 539974 3
8483 164651 3
8439 865622 9
9628 221919 9
1002 914907 8
2519 171840 3
8621 305784 1
9332 549970 6
4766 385349 3
9974 603759 9
7597 115191 5
8229 384684 2
3127 909969 3
3376 156586 6
5230 55195 9
34432 9999920 222
0 1000000000000000000 1
0 132 1
121 132 1
5649 246089 1
5579 763362 2
5630 555906 6
1000000000 1000000000000000000 1
100000 1000000000000000000 3
3207 523325 2
1396 974496 5
999 99999 78788
1551 635917 7
9324 755359 1
9523 81976 5
9929 160753 4
3491 376189 1
1209 371972 7
1712 931656 3
8984 321196 7
2433 588437 7
5759 165757 6
2590 45700 5
8764 690922 4
7243 39232 6
873 84000 1
6760 325542 7
3725 832955 1
3976 759716 7
7075 952308 3
2228 961000 6
7977 626769 9
701 837097 8
5272 393026 2
4945 279540 7
39 1000000 3
1033 109791 2
22322 22322 1
8892 186601 5
2851 217912 4
121 131 1
1108 708286 6
2035 587687 6
8429 327368 2
2965 769993 4
0 100 2
1925 194236 4
2499 989424 7
3748 207521 4
886 56750 8
1363 123520 8
6916 519450 6
1616 875376 6
8989 909410 5
9390 517315 4
6311 744038 5
