100
2896297
9999930
1221469
7742461
9999991
8460583
6735763
5
4572049
8603593
5388168
9999162
8291470
1264969
6463741
3
9299449
5331653
928009
1750607
7551991
615403
7783893
9999998
983469
9999996
1
9987391
9999972
4751053
10000000
5094841
3023326
9325574
1403870
9682616
8248729
2044523
1144
2
1862603
140839
5001361
3323191
9999163
4936439
1281246
390548
9999973
6704676
7203246
6697461
3949061
9999995
9999931
6537523
6865010
3191803
4170220
11
7
4461642
9516811
6
8184167
3132736
8763892
4461641
8
592432
5462959
1481717
4125389
9999999
10
3877633
3702389
9999971
4
2360890
9999161
2295773
3929879
2196613
9971849
8697851
7762723
9010879
13
9999929
6987083
9309119
12
9
559513
86293
4461643
9999997
3410821
3855409
